570 ns
1
1.01005016708333
1.02020134002507
1.03045453395096
1.04081077415426
1.05127109630115
1.06183654643341
1.07250818110434
1.08328706748639
1.09417428347719
1.1051709178074
1.11627807014961
1.12749685122831
1.13882838293094
1.15027379842011
1.16183424224689
1.1735108704653
1.18530485074788
1.19721736250248
1.20924959699019
1.22140275744448
1.23367805919151
1.24607672977169
1.25860000906239
1.27124914940197
1.28402541571499
1.29693008563873
1.30996444965092
1.32312981119882
1.33642748682954
1.34985880632172
1.36342511281849
1.37712776296179
1.39096812702806
1.40494758906522
1.41906754703112
1.43332941293331
1.44773461297025
1.46228458767394
1.47698079205397
1.49182469574301
1.5068177831438
1.52196155357755
1.53725752143392
1.55270721632243
1.56831218322543
1.58407398265261
1.59999419079704
1.61607439969278
1.63231621737411
1.64872126803632
1.66529119219815
1.6820276468658
1.69893230569868
1.71600685917674
1.73325301476955
1.75067249710704
1.76826704815192
1.78603842737398
1.80398841192591
1.82211879682113
1.84043139511321
1.85892803807724
1.87761057539291
1.89648087532952
1.91554082493276
1.93479233021347
1.95423731633821
1.97387772782177
1.99371552872166
2.0137527028345
2.03399125389436
2.05443320577322
2.07508060268328
2.09593550938142
2.11700001137568
2.1382762151338
2.15976624829387
2.18147225987709
2.2033964205027
2.22554092260502
2.2479079806527
2.27049983137016
2.29331873396129
2.31636697033535
2.33964684533516
2.36316068696761
2.38691084663645
2.4108996993774
2.43512964409573
2.45960310380608
2.4843225258748
2.50929038226468
2.53450916978214
2.55998141032693
2.58570965114433
2.61169646507983
2.63794445083647
2.66445623323468
2.69123446347477
2.71828181940206
