5400 ns
1
1.00100050016671
1.002002001334
1.00300450450338
1.00400801067734
1.0050125208594
1.00601803605406
1.00702455726685
1.00803208550427
1.00904062177387
1.01005016708417
1.01106072244472
1.01207228886607
1.01308486735981
1.01409845893849
1.01511306461571
1.01612868540609
1.01714532232524
1.01816297638979
1.0191816486174
1.02020134002675
1.02122205163752
1.02224378447043
1.02326653954721
1.02429031789061
1.02531512052442
1.02634094847343
1.02736780276348
1.02839568442142
1.02942459447512
1.03045453395351
1.03148550388651
1.03251750530511
1.03355053924129
1.03458460672811
1.03561970879961
1.03665584649091
1.03769302083815
1.03873123287849
1.03977048365015
1.04081077419238
1.04185210554547
1.04289447875075
1.0439378948506
1.04498235488843
1.0460278599087
1.04707441095692
1.04812200907964
1.04917065532445
1.05022035074001
1.05127109637601
1.05232289328319
1.05337574251335
1.05442964511934
1.05548460215506
1.05654061467548
1.05759768373659
1.05865581039548
1.05971499571027
1.06077524074014
1.06183654654534
1.06289891418717
1.06396234472801
1.06502683923128
1.06609239876148
1.06715902438417
1.06822671716597
1.06929547817458
1.07036530847875
1.07143620914832
1.07250818125419
1.07358122586833
1.07465534406379
1.07573053691468
1.07680680549619
1.0778841508846
1.07896257415726
1.08004207639257
1.08112265867006
1.08220432207029
1.08328706767493
1.08437089656673
1.08545580982952
1.08654180854821
1.0876288938088
1.08871706669837
1.0898063283051
1.09089667971825
1.09198812202817
1.0930806563263
1.09417428370518
1.09526900525843
1.09636482208078
1.09746173526805
1.09855974591714
1.09965885512607
1.10075906399394
1.10186037362097
1.10296278510847
1.10406629955885
1.10517091807561
1.10627664176339
1.1073834717279
1.10849140907597
1.10960045491554
1.11071061035567
1.11182187650649
1.11293425447929
1.11404774538643
1.11516235034141
1.11627807045883
1.11739490685442
1.118512860645
1.11963193294854
1.12075212488411
1.12187343757189
1.12299587213321
1.12411942969049
1.1252441113673
1.12636991828831
1.12749685157933
1.1286249123673
1.12975410178027
1.13088442094744
1.13201587099913
1.13314845306678
1.13428216828298
1.13541701778144
1.13655300269701
1.13769012416568
1.13882838332457
1.13996778131194
1.14110831926718
1.14224999833084
1.1433928196446
1.14453678435126
1.14568189359481
1.14682814852034
1.14797555027412
1.14912410000355
1.15027379885717
1.15142464798469
1.15257664853695
1.15372980166595
1.15488410852486
1.15603957026796
1.15719618805074
1.1583539630298
1.15951289636292
1.16067298920903
1.16183424272822
1.16299665808176
1.16416023643205
1.16532497894268
1.16649088677838
1.16765796110506
1.16882620308981
1.16999561390085
1.17116619470761
1.17233794668065
1.17351087099175
1.17468496881381
1.17586024132093
1.1770366896884
1.17821431509266
1.17939311871132
1.18057310172321
1.18175426530829
1.18293661064774
1.1841201389239
1.1853048513203
1.18649074902164
1.18767783321384
1.18886610508396
1.19005556582029
1.19124621661229
1.1924380586506
1.19363109312707
1.19482532123473
1.19602074416781
1.19721736312174
1.19841517929313
1.19961419387979
1.20081440808076
1.20201582309623
1.20321844012762
1.20442226037755
1.20562728504985
1.20683351534953
1.20804095248282
1.20924959765717
1.21045945208122
1.21167051696482
1.21288279351904
1.21409628295615
1.21531098648965
1.21652690533424
1.21774404070583
1.21896239382156
1.22018196589979
1.22140275816009
1.22262477182324
1.22384800811127
1.22507246824742
1.22629815345613
1.22752506496309
1.22875320399523
1.22998257178067
1.23121316954878
1.23244499853017
1.23367805995666
1.23491235506131
1.23614788507841
1.23738465124351
1.23862265479336
1.23986189696597
1.24110237900058
1.24234410213767
1.24358706761897
1.24483127668744
1.24607673058729
1.24732343056397
1.24857137786419
1.24982057373589
1.25107101942827
1.25232271619177
1.25357566527809
1.25482986794018
1.25608532543225
1.25734203900974
1.25860000992938
1.25985923944913
1.26111972882823
1.26238147932716
1.26364449220768
1.26490876873279
1.26617431016678
1.26744111777518
1.26870919282481
1.26997853658373
1.2712491503213
1.27252103530813
1.27379419281609
1.27506862411835
1.27634433048935
1.27762131320478
1.27889957354163
1.28017911277816
1.28145993219391
1.2827420330697
1.28402541668763
1.28531008433109
1.28659603728473
1.28788327683452
1.28917180426769
1.29046162087278
1.29175272793959
1.29304512675924
1.29433881862412
1.29563380482793
1.29693008666566
1.29822766543357
1.29952654242927
1.30082671895161
1.30212819630078
1.30343097577825
1.30473505868681
1.30604044633054
1.30734714001482
1.30865514104635
1.30996445073313
1.31127507038447
1.31258700131099
1.31390024482462
1.3152148022386
1.3165306748675
1.31784786402718
1.31916637103483
1.32048619720897
1.32180734386941
1.32312981233731
1.32445360393513
1.32577871998666
1.32710516181703
1.32843293075267
1.32976202812134
1.33109245525216
1.33242421347555
1.33375730412325
1.33509172852838
1.33642748802534
1.3377645839499
1.33910301763916
1.34044279043155
1.34178390366684
1.34312635868614
1.34447015683192
1.34581529944796
1.34716178787942
1.34850962347277
1.34985880757587
1.35120934153788
1.35256122670934
1.35391446444215
1.35526905608953
1.35662500300608
1.35798230654775
1.35934096807184
1.36070098893701
1.36206237050328
1.36342511413203
1.36478922118602
1.36615469302933
1.36752153102746
1.36888973654723
1.37025931095685
1.37163025562589
1.37300257192531
1.37437626122741
1.37575132490589
1.37712776433581
1.3785055808936
1.37988477595709
1.38126535090548
1.38264730711933
1.3840306459806
1.38541536887263
1.38680147718015
1.38818897228926
1.38957785558745
1.39096812846362
1.39235979230804
1.39375284851236
1.39514729846964
1.39654314357435
1.39794038522231
1.39933902481077
1.40073906373837
1.40214050340516
1.40354334521256
1.40494759056343
1.40635324086201
1.40776029751394
1.40916876192629
1.41057863550751
1.41198991966749
1.41340261581751
1.41481672537026
1.41623224973985
1.41764919034182
1.41906754859309
1.42048732591202
1.42190852371841
1.42333114343343
1.42475518647972
1.42618065428131
1.42760754826367
1.4290358698537
1.43046562047972
1.43189680157148
1.43332941456016
1.43476346087838
1.43619894196017
1.43763585924103
1.43907421415787
1.44051400814904
1.44195524265434
1.443397919115
1.4448420389737
1.44628760367456
1.44773461466314
1.44918307338646
1.45063298129297
1.45208433983259
1.45353715045667
1.45499141461801
1.4564471337709
1.45790430937104
1.45936294287561
1.46082303574324
1.46228458943403
1.46374760540954
1.46521208513277
1.46667803006821
1.4681454416818
1.46961432144095
1.47108467081455
1.47255649127294
1.47402978428795
1.47550455133286
1.47698079388245
1.47845851341295
1.47993771140209
1.48141838932906
1.48290054867455
1.48438419092071
1.48586931755119
1.4873559300511
1.48884402990707
1.4903336186072
1.49182469764107
1.49331726849975
1.49481133267584
1.49630689166338
1.49780394695793
1.49930250005656
1.50080255245781
1.50230410566174
1.5038071611699
1.50531172048535
1.50681778511264
1.50832535655785
1.50983443632853
1.51134502593378
1.51285712688418
1.51437074069183
1.51588586887035
1.51740251293487
1.51892067440202
1.52044035478998
1.52196155561841
1.52348427840853
1.52500852468306
1.52653429596623
1.52806159378383
1.52959041966316
1.53112077513302
1.53265266172379
1.53418608096735
1.53572103439712
1.53725752354805
1.53879554995664
1.5403351151609
1.5418762207004
1.54341886811626
1.54496305895111
1.54650879474915
1.54805607705611
1.54960490741928
1.55115528738748
1.5527072185111
1.55426070234207
1.55581574043387
1.55737233434154
1.55893048562168
1.56049019583243
1.5620514665335
1.56361429928618
1.56517869565328
1.56674465719921
1.56831218548993
1.56988128209296
1.57145194857741
1.57302418651393
1.57459799747477
1.57617338303374
1.57775034476623
1.57932888424919
1.58090900306117
1.58249070278228
1.58407398499423
1.5856588512803
1.58724530322534
1.58883334241583
1.59042297043979
1.59201418888685
1.59360699934823
1.59520140341674
1.5967974026868
1.59839499875438
1.5999941932171
1.60159498767415
1.60319738372631
1.604801382976
1.6064069870272
1.60801419748552
1.60962301595817
1.61123344405398
1.61284548338336
1.61445913555836
1.61607440219263
1.61769128490143
1.61930978530166
1.62092990501181
1.62255164565199
1.62417500884396
1.62579999621107
1.62742660937831
1.6290548499723
1.63068471962127
1.6323162199551
1.63394935260529
1.63558411920496
1.63722052138889
1.63885856079348
1.64049823905676
1.64213955781843
1.64378251871978
1.64542712340379
1.64707337351506
1.64872127069984
1.65037081660603
1.65202201288318
1.65367486118247
1.65532936315677
1.65698552046056
1.65864333475002
1.66030280768294
1.66196394091882
1.66362673611877
1.66529119494559
1.66695731906375
1.66862511013937
1.67029456984024
1.67196569983582
1.67363850179723
1.67531297739729
1.67698912831046
1.67866695621291
1.68034646278244
1.68202764969859
1.68371051864252
1.68539507129711
1.68708130934691
1.68876923447816
1.69045884837879
1.6921501527384
1.69384314924831
1.69553783960151
1.69723422549269
1.69893230861824
1.70063209067624
1.70233357336647
1.70403675839042
1.70574164745126
1.7074482422539
1.70915654450492
1.71086655591263
1.71257827818703
1.71429171303986
1.71600686218454
1.71772372733623
1.71944231021179
1.7211626125298
1.72288463601056
1.72460838237611
1.72633385335019
1.72806105065826
1.72978997602752
1.73152063118691
1.73325301786707
1.73498713780039
1.736722992721
1.73846058436474
1.74019991446921
1.74194098477374
1.7436837970194
1.74542835294901
1.74717465430711
1.74892270284001
1.75067250029576
1.75242404842416
1.75417734897675
1.75593240370684
1.75768921436948
1.75944778272147
1.7612081105214
1.76297019952958
1.76473405150811
1.76649966822084
1.76826705143339
1.77003620291313
1.77180712442923
1.77357981775259
1.77535428465592
1.77713052691369
1.77890854630213
1.78068834459926
1.78246992358489
1.78425328504058
1.78603843074972
1.78782536249743
1.78961408207065
1.79140459125811
1.7931968918503
1.79499098563954
1.79678687441991
1.79858455998731
1.80038404413941
1.80218532867571
1.80398841539749
1.80579330610783
1.80760000261164
1.80940850671559
1.8112188202282
1.81303094495978
1.81484488272246
1.81666063533018
1.81847820459868
1.82029759234553
1.82211880039013
1.82394183055368
1.82576668465922
1.82759336453159
1.82942187199748
1.83125220888539
1.83308437702566
1.83491837825047
1.8367542143938
1.83859188729151
1.84043139878125
1.84227275070254
1.84411594489674
1.84596098320704
1.84780786747848
1.84965659955793
1.85150718129414
1.85335961453769
1.855213901141
1.85707004295838
1.85892804184594
1.86078789966171
1.86264961826553
1.86451319951912
1.86637864528607
1.86824595743182
1.87011513782368
1.87198618833084
1.87385911082434
1.8757339071771
1.87761057926393
1.8794891289615
1.88136955814835
1.88325186870492
1.88513606251351
1.88702214145832
1.88891010742543
1.89079996230281
1.8926917079803
1.89458534634967
1.89648087930453
1.89837830874043
1.9002776365548
1.90217886464697
1.90408199491816
1.9059870292715
1.90789396961203
1.90980281784668
1.91171357588432
1.91362624563569
1.91554082901347
1.91745732793223
1.91937574430848
1.92129608006064
1.92321833710903
1.92514251737593
1.9270686227855
1.92899665526385
1.93092661673902
1.93285850914097
1.93479233440159
1.9367280944547
1.93866579123607
1.9406054266834
1.94254700273631
1.94449052133638
1.94643598442714
1.94838339395405
1.95033275186451
1.95228406010789
1.95423732063549
1.95619253540057
1.95814970635835
1.960108835466
1.96206992468265
1.96403297596939
1.96599799128927
1.9679649726073
1.96993392189047
1.97190484110772
1.97387773222998
1.97585259723014
1.97782943808306
1.97980825676558
1.98178905525653
1.98377183553669
1.98575659958885
1.98774334939778
1.98973208695023
1.99172281423493
1.99371553324261
1.99571024596598
1.99770695439977
1.99970566054068
2.00170636638742
2.00370907394069
2.00571378520321
2.00772050217967
2.0097292268768
2.01173996130333
2.01375270746999
2.01576746738952
2.01778424307669
2.01980303654827
2.02182384982305
2.02384668492185
2.02587154386751
2.02789842868488
2.02992734140084
2.03195828404432
2.03399125864625
2.03602626723961
2.0380633118594
2.04010239454268
2.04214351732852
2.04418668225805
2.04623189137443
2.04827914672288
2.05032845035064
2.05237980430702
2.05443321064338
2.05648867141311
2.0585461886717
2.06060576447664
2.06266740088752
2.06473109996597
2.06679686377569
2.06886469438245
2.07093459385408
2.07300656426047
2.0750806076736
2.07715672616751
2.07923492181832
2.08131519670422
2.0833975529055
2.0854819925045
2.08756851758566
2.08965713023552
2.09174783254269
2.09384062659786
2.09593551449383
2.09803249832549
2.10013158018982
2.10223276218591
2.10433604641494
2.10644143498018
2.10854892998704
2.11065853354301
2.11277024775768
2.11488407474278
2.11700001661212
2.11911807548167
2.12123825346946
2.12336055269568
2.12548497528264
2.12761152335474
2.12974019903855
2.13187100446273
2.13400394175809
2.13613901305758
2.13827622049625
2.14041556621133
2.14255705234215
2.1447006810302
2.14684645441911
2.14899437465465
2.15114444388475
2.15329666425947
2.15545103793103
2.15760756705381
2.15976625378434
2.1619271002813
2.16409010870554
2.16625528122007
2.16842261999007
2.17059212718286
2.17276380496796
2.17493765551705
2.17711368100397
2.17929188360476
2.18147226549761
2.18365482886291
2.18583957588322
2.18802650874329
2.19021562963005
2.19240694073262
2.19460044424231
2.19679614235263
2.19899403725928
2.20119413116015
2.20339642625533
2.20560092474712
2.20780762884003
2.21001654074074
2.21222766265818
2.21444099680346
2.21665654538993
2.21887431063313
2.22109429475082
2.22331649996299
2.22554092849185
2.22776758256182
2.22999646439956
2.23222757623395
2.2344609202961
2.23669649881936
2.23893431403931
2.24117436819375
2.24341666352275
2.2456612022686
2.24790798667584
2.25015701899125
2.25240830146387
2.25466183634498
2.25691762588811
2.25917567234906
2.26143597798587
2.26369854505884
2.26596337583055
2.26823047256582
2.27049983753176
2.27277147299772
2.27504538123534
2.27732156451854
2.27960002512349
2.28188076532865
2.28416378741477
2.28644909366487
2.28873668636425
2.2910265678005
2.29331874026352
2.29561320604547
2.29790996744082
2.30020902674632
2.30251038626104
2.30481404828634
2.30712001512589
2.30942828908563
2.31173887247386
2.31405176760116
2.31636697678042
2.31868450232684
2.32100434655796
2.32332651179362
2.32565100035599
2.32797781456955
2.33030695676112
2.33263842925984
2.33497223439719
2.33730837450696
2.3396468519253
2.34198766899069
2.34433082804394
2.34667633142822
2.34902418148902
2.3513743805742
2.35372693103396
2.35608183522085
2.35843909548976
2.36079871419797
2.36316069370509
2.3655250363731
2.36789174456634
2.37026082065153
2.37263226699773
2.3750060859764
2.37738227996135
2.37976085132878
2.38214180245726
2.38452513572774
2.38691085352356
2.38929895823042
2.39168945223645
2.39408233793212
2.39647761771034
2.39887529396637
2.40127536909789
2.40367784550499
2.40608272559013
2.40849001175819
2.41089970641647
2.41331181197466
2.41572633084486
2.41814326544159
2.42056261818179
2.42298439148481
2.42540858777242
2.42783520946882
2.43026425900063
2.43269573879691
2.43512965128912
2.43756599891119
2.44000478409946
2.44244600929272
2.4448896769322
2.44733578946155
2.4497843493269
2.4522353589768
2.45468882086226
2.45714473743675
2.45960311115618
2.46206394447893
2.46452723986583
2.46699299978017
2.46946122668771
2.47193192305669
2.4744050913578
2.47688073406421
2.47935885365156
2.48183945259797
2.48432253338403
2.48680809849284
2.48929615040995
2.49178669162342
2.49427972462379
2.4967752519041
2.49927327595986
2.5017737992891
2.50427682439236
2.50678235377265
2.5092903899355
2.51180093538895
2.51431399264354
2.51682956421234
2.51934765261091
2.52186826035734
2.52439138997224
2.52691704397875
2.5294452249025
2.5319759352717
2.53450917761704
2.53704495447177
2.53958326837166
2.54212412185504
2.54466751746274
2.54721345773818
2.54976194522729
2.55231298247856
2.55486657204302
2.55742271647426
2.55998141832844
2.56254268016424
2.56510650454294
2.56767289402836
2.57024185118689
2.57281337858748
2.57538747880167
2.57796415440355
2.58054340796979
2.58312524207967
2.58570965931499
2.5882966622602
2.59088625350228
2.59347843563083
2.59607321123803
2.59867058291866
2.60127055327009
2.60387312489229
2.60647830038783
2.60908608236189
2.61169647342225
2.6143094761793
2.61692509324604
2.6195433272381
2.6221641807737
2.6247876564737
2.62741375696157
2.63004248486342
2.63267384280798
2.63530783342659
2.63794445935327
2.64058372322461
2.64322562767991
2.64587017536105
2.64851736891258
2.65116721098171
2.65381970421827
2.65647485127475
2.65913265480631
2.66179311747074
2.66445624192851
2.66712203084275
2.66979048687924
2.67246161270643
2.67513541099547
2.67781188442014
2.68049103565691
2.68317286738495
2.68585738228607
2.6885445830448
2.69123447234834
2.69392705288657
2.69662232735209
2.69932029844015
2.70202096884874
2.70472434127852
2.70743041843287
2.71013920301786
2.71285069774228
2.71556490531763
2.7182818284581
