1620 ns
1
1.01005016708333
1.02020134002507
1.03045453395096
1.04081077418895
1.05127109637168
1.06183654654009
1.07250818124801
1.0832870676678
1.09417428369707
1.10517091806651
1.11627807044872
1.12749685156819
1.13882838331239
1.15027379884392
1.16183424271388
1.17351087097629
1.18530485130371
1.197217363104
1.20924959763826
1.22140275813998
1.23367805993533
1.24607673056473
1.25860000990555
1.27124915029619
1.28402541666121
1.2969300866379
1.30996445070402
1.32312981230682
1.33642748799344
1.34985880754254
1.36342511409725
1.37712776429954
1.39096812842585
1.40494759052412
1.41906754855221
1.4333294145177
1.44773461461906
1.4622845893883
1.47698079383504
1.49182469759196
1.5068177850618
1.52196155556581
1.53725752349365
1.55270721845488
1.56831218543185
1.58407398493426
1.59999419315521
1.61607440212879
1.63231621988928
1.648721270632
1.6652911948757
1.6820276496266
1.69893230854414
1.71600686210828
1.73325301778861
1.75067250021508
1.76826705135044
1.78603843066447
1.8039884153099
1.82211880030016
1.84043139868886
1.8589280417511
1.87761057916659
1.89648087920465
1.915540828911
1.9347923342965
1.95423732052773
1.97387773211952
1.9937155331294
2.01375270735398
2.03399125852741
2.05443321052165
2.07508060754894
2.09593551436619
2.11700001648146
2.13827622036252
2.15976625364748
2.18147226535758
2.20339642611209
2.22554092834533
2.247907986526
2.27049983737854
2.29331874010688
2.31636697662029
2.33964685176164
2.36316069353784
2.38691085335266
2.41089970624188
2.43512965111077
2.45960311097401
2.48432253319799
2.50929038974552
2.53450917742306
2.55998141813041
2.58570965911285
2.61169647321592
2.63794445914269
2.66445624171363
2.69123447212908
2.7182818282344
