15660 ns
1
1.00100050016671
1.002002001334
1.00300450450338
1.00400801067734
1.0050125208594
1.00601803605406
1.00702455726685
1.00803208550427
1.00904062177387
1.01005016708417
1.01106072244472
1.01207228886608
1.01308486735981
1.01409845893849
1.01511306461572
1.01612868540609
1.01714532232524
1.01816297638979
1.01918164861741
1.02020134002676
1.02122205163753
1.02224378447044
1.02326653954722
1.02429031789062
1.02531512052443
1.02634094847344
1.02736780276349
1.02839568442142
1.02942459447513
1.03045453395352
1.03148550388652
1.03251750530512
1.0335505392413
1.03458460672812
1.03561970879962
1.03665584649092
1.03769302083816
1.0387312328785
1.03977048365016
1.04081077419239
1.04185210554548
1.04289447875076
1.04393789485061
1.04498235488844
1.04602785990872
1.04707441095694
1.04812200907966
1.04917065532447
1.05022035074003
1.05127109637602
1.0523228932832
1.05337574251336
1.05442964511936
1.05548460215508
1.05654061467549
1.05759768373661
1.0586558103955
1.05971499571029
1.06077524074016
1.06183654654536
1.06289891418719
1.06396234472803
1.0650268392313
1.0660923987615
1.06715902438419
1.06822671716599
1.0692954781746
1.07036530847877
1.07143620914835
1.07250818125422
1.07358122586836
1.07465534406381
1.0757305369147
1.07680680549622
1.07788415088463
1.07896257415728
1.0800420763926
1.08112265867008
1.08220432207031
1.08328706767496
1.08437089656676
1.08545580982955
1.08654180854824
1.08762889380883
1.0887170666984
1.08980632830513
1.09089667971828
1.0919881220282
1.09308065632633
1.09417428370521
1.09526900525847
1.09636482208082
1.09746173526808
1.09855974591717
1.0996588551261
1.10075906399398
1.10186037362101
1.10296278510851
1.10406629955888
1.10517091807565
1.10627664176342
1.10738347172793
1.10849140907601
1.10960045491558
1.1107106103557
1.11182187650653
1.11293425447933
1.11404774538647
1.11516235034145
1.11627807045887
1.11739490685446
1.11851286064504
1.11963193294859
1.12075212488415
1.12187343757194
1.12299587213325
1.12411942969054
1.12524411136734
1.12636991828835
1.12749685157938
1.12862491236734
1.12975410178032
1.13088442094749
1.13201587099917
1.13314845306683
1.13428216828302
1.13541701778149
1.13655300269706
1.13769012416573
1.13882838332462
1.13996778131199
1.14110831926723
1.14224999833089
1.14339281964465
1.14453678435131
1.14568189359486
1.1468281485204
1.14797555027418
1.1491241000036
1.15027379885723
1.15142464798474
1.152576648537
1.15372980166601
1.15488410852491
1.15603957026802
1.1571961880508
1.15835396302985
1.15951289636297
1.16067298920908
1.16183424272828
1.16299665808182
1.16416023643211
1.16532497894274
1.16649088677844
1.16765796110512
1.16882620308987
1.16999561390091
1.17116619470767
1.17233794668072
1.17351087099181
1.17468496881387
1.175860241321
1.17703668968847
1.17821431509272
1.17939311871139
1.18057310172327
1.18175426530836
1.18293661064781
1.18412013892397
1.18530485132036
1.18649074902171
1.1876778332139
1.18886610508403
1.19005556582036
1.19124621661236
1.19243805865067
1.19363109312714
1.1948253212348
1.19602074416788
1.19721736312181
1.1984151792932
1.19961419387987
1.20081440808083
1.2020158230963
1.20321844012769
1.20442226037763
1.20562728504992
1.2068335153496
1.2080409524829
1.20924959765725
1.2104594520813
1.2116705169649
1.21288279351912
1.21409628295623
1.21531098648973
1.21652690533431
1.21774404070591
1.21896239382164
1.22018196589987
1.22140275816017
1.22262477182333
1.22384800811136
1.2250724682475
1.22629815345621
1.22752506496318
1.22875320399531
1.22998257178075
1.23121316954887
1.23244499853025
1.23367805995674
1.23491235506139
1.2361478850785
1.2373846512436
1.23862265479345
1.23986189696606
1.24110237900067
1.24234410213776
1.24358706761906
1.24483127668753
1.24607673058738
1.24732343056406
1.24857137786428
1.24982057373598
1.25107101942836
1.25232271619186
1.25357566527819
1.25482986794028
1.25608532543234
1.25734203900984
1.25860000992948
1.25985923944923
1.26111972882833
1.26238147932726
1.26364449220778
1.26490876873289
1.26617431016688
1.26744111777528
1.26870919282491
1.26997853658383
1.2712491503214
1.27252103530823
1.27379419281619
1.27506862411846
1.27634433048945
1.27762131320488
1.27889957354174
1.28017911277827
1.28145993219402
1.28274203306981
1.28402541668774
1.28531008433119
1.28659603728484
1.28788327683463
1.2891718042678
1.29046162087289
1.2917527279397
1.29304512675935
1.29433881862424
1.29563380482805
1.29693008666577
1.29822766543369
1.29952654242938
1.30082671895172
1.30212819630089
1.30343097577837
1.30473505868693
1.30604044633065
1.30734714001493
1.30865514104646
1.30996445073325
1.31127507038459
1.31258700131111
1.31390024482474
1.31521480223872
1.31653067486762
1.3178478640273
1.31916637103496
1.32048619720909
1.32180734386954
1.32312981233743
1.32445360393525
1.32577871998679
1.32710516181715
1.32843293075279
1.32976202812147
1.33109245525229
1.33242421347567
1.33375730412338
1.33509172852851
1.33642748802547
1.33776458395003
1.33910301763929
1.34044279043168
1.34178390366697
1.34312635868627
1.34447015683205
1.34581529944809
1.34716178787955
1.34850962347291
1.349858807576
1.35120934153801
1.35256122670948
1.35391446444229
1.35526905608967
1.35662500300622
1.35798230654789
1.35934096807198
1.36070098893715
1.36206237050342
1.36342511413217
1.36478922118616
1.36615469302948
1.3675215310276
1.36888973654737
1.37025931095699
1.37163025562604
1.37300257192546
1.37437626122756
1.37575132490604
1.37712776433595
1.37850558089375
1.37988477595724
1.38126535090563
1.38264730711948
1.38403064598075
1.38541536887278
1.3868014771803
1.38818897228941
1.38957785558761
1.39096812846378
1.39235979230819
1.39375284851251
1.3951472984698
1.3965431435745
1.39794038522246
1.39933902481093
1.40073906373853
1.40214050340532
1.40354334521272
1.40494759056359
1.40635324086217
1.4077602975141
1.40916876192645
1.41057863550767
1.41198991966766
1.41340261581767
1.41481672537042
1.41623224974002
1.41764919034198
1.41906754859325
1.42048732591219
1.42190852371857
1.4233311434336
1.42475518647988
1.42618065428148
1.42760754826384
1.42903586985387
1.43046562047989
1.43189680157165
1.43332941456034
1.43476346087855
1.43619894196035
1.43763585924121
1.43907421415804
1.44051400814921
1.44195524265451
1.44339791911517
1.44484203897387
1.44628760367474
1.44773461466332
1.44918307338664
1.45063298129315
1.45208433983277
1.45353715045685
1.4549914146182
1.45644713377108
1.45790430937122
1.45936294287579
1.46082303574343
1.46228458943422
1.46374760540972
1.46521208513296
1.46667803006839
1.46814544168199
1.46961432144114
1.47108467081474
1.47255649127313
1.47402978428814
1.47550455133305
1.47698079388264
1.47845851341314
1.47993771140228
1.48141838932926
1.48290054867475
1.48438419092091
1.48586931755139
1.4873559300513
1.48884402990727
1.4903336186074
1.49182469764127
1.49331726849996
1.49481133267604
1.49630689166358
1.49780394695813
1.49930250005676
1.50080255245802
1.50230410566195
1.50380716117011
1.50531172048556
1.50681778511285
1.50832535655805
1.50983443632874
1.51134502593399
1.51285712688439
1.51437074069204
1.51588586887056
1.51740251293508
1.51892067440224
1.52044035479019
1.52196155561863
1.52348427840875
1.52500852468327
1.52653429596645
1.52806159378405
1.52959041966337
1.53112077513324
1.53265266172401
1.53418608096758
1.53572103439734
1.53725752354828
1.53879554995686
1.54033511516112
1.54187622070063
1.54341886811648
1.54496305895133
1.54650879474937
1.54805607705634
1.5496049074195
1.55115528738771
1.55270721851133
1.5542607023423
1.5558157404341
1.55737233434177
1.55893048562191
1.56049019583266
1.56205146653374
1.56361429928641
1.56517869565352
1.56674465719945
1.56831218549016
1.5698812820932
1.57145194857764
1.57302418651417
1.57459799747501
1.57617338303399
1.57775034476647
1.57932888424944
1.58090900306141
1.58249070278253
1.58407398499448
1.58565885128054
1.58724530322559
1.58883334241607
1.59042297044003
1.5920141888871
1.59360699934848
1.595201403417
1.59679740268705
1.59839499875464
1.59999419321736
1.6015949876744
1.60319738372657
1.60480138297625
1.60640698702746
1.60801419748578
1.60962301595843
1.61123344405424
1.61284548338362
1.61445913555862
1.61607440219289
1.6176912849017
1.61930978530192
1.62092990501207
1.62255164565226
1.62417500884422
1.62579999621134
1.62742660937858
1.62905484997257
1.63068471962154
1.63231621995537
1.63394935260556
1.63558411920523
1.63722052138916
1.63885856079375
1.64049823905704
1.6421395578187
1.64378251872006
1.64542712340407
1.64707337351534
1.64872127070012
1.65037081660631
1.65202201288346
1.65367486118275
1.65532936315705
1.65698552046085
1.6586433347503
1.66030280768323
1.6619639409191
1.66362673611905
1.66529119494588
1.66695731906404
1.66862511013966
1.67029456984053
1.67196569983611
1.67363850179752
1.67531297739758
1.67698912831076
1.6786669562132
1.68034646278274
1.68202764969888
1.68371051864281
1.6853950712974
1.68708130934721
1.68876923447846
1.69045884837908
1.6921501527387
1.69384314924861
1.69553783960181
1.697234225493
1.69893230861854
1.70063209067654
1.70233357336677
1.70403675839072
1.70574164745157
1.7074482422542
1.70915654450523
1.71086655591293
1.71257827818734
1.71429171304017
1.71600686218485
1.71772372733654
1.7194423102121
1.72116261253011
1.72288463601088
1.72460838237643
1.7263338533505
1.72806105065857
1.72978997602784
1.73152063118723
1.73325301786739
1.73498713780071
1.73672299272132
1.73846058436506
1.74019991446954
1.74194098477407
1.74368379701973
1.74542835294934
1.74717465430744
1.74892270284034
1.75067250029609
1.75242404842449
1.75417734897708
1.75593240370717
1.75768921436981
1.75944778272181
1.76120811052174
1.76297019952992
1.76473405150845
1.76649966822118
1.76826705143373
1.77003620291347
1.77180712442957
1.77357981775293
1.77535428465627
1.77713052691403
1.77890854630247
1.78068834459961
1.78246992358523
1.78425328504093
1.78603843075007
1.78782536249778
1.789614082071
1.79140459125846
1.79319689185066
1.79499098563989
1.79678687442027
1.79858455998766
1.80038404413977
1.80218532867607
1.80398841539785
1.80579330610819
1.807600002612
1.80940850671595
1.81121882022856
1.81303094496015
1.81484488272283
1.81666063533054
1.81847820459904
1.8202975923459
1.8221188003905
1.82394183055405
1.82576668465959
1.82759336453196
1.82942187199785
1.83125220888577
1.83308437702604
1.83491837825085
1.83675421439418
1.83859188729189
1.84043139878163
1.84227275070293
1.84411594489713
1.84596098320743
1.84780786747886
1.84965659955832
1.85150718129453
1.85335961453808
1.85521390114139
1.85707004295876
1.85892804184633
1.8607878996621
1.86264961826592
1.86451319951952
1.86637864528646
1.86824595743221
1.87011513782408
1.87198618833123
1.87385911082474
1.8757339071775
1.87761057926433
1.8794891289619
1.88136955814876
1.88325186870532
1.88513606251392
1.88702214145873
1.88891010742584
1.89079996230322
1.89269170798071
1.89458534635008
1.89648087930494
1.89837830874085
1.90027763655522
1.90217886464738
1.90408199491857
1.90598702927191
1.90789396961244
1.9098028178471
1.91171357588474
1.91362624563611
1.91554082901389
1.91745732793265
1.9193757443089
1.92129608006106
1.92321833710946
1.92514251737635
1.92706862278593
1.92899665526428
1.93092661673945
1.9328585091414
1.93479233440202
1.93672809445514
1.93866579123651
1.94060542668383
1.94254700273674
1.94449052133682
1.94643598442758
1.94838339395449
1.95033275186495
1.95228406010833
1.95423732063593
1.95619253540101
1.9581497063588
1.96010883546645
1.9620699246831
1.96403297596984
1.96599799128972
1.96796497260775
1.96993392189092
1.97190484110818
1.97387773223044
1.9758525972306
1.97782943808352
1.97980825676604
1.98178905525698
1.98377183553715
1.98575659958932
1.98774334939825
1.98973208695069
1.99172281423539
1.99371553324307
1.99571024596645
1.99770695440024
1.99970566054115
2.00170636638789
2.00370907394116
2.00571378520368
2.00772050218014
2.00972922687728
2.01173996130381
2.01375270747047
2.01576746739
2.01778424307717
2.01980303654875
2.02182384982353
2.02384668492234
2.02587154386799
2.02789842868536
2.02992734140133
2.03195828404481
2.03399125864674
2.0360262672401
2.03806331185989
2.04010239454317
2.04214351732902
2.04418668225855
2.04623189137493
2.04827914672337
2.05032845035113
2.05237980430752
2.05443321064388
2.05648867141362
2.0585461886722
2.06060576447714
2.06266740088802
2.06473109996648
2.0667968637762
2.06886469438296
2.07093459385459
2.07300656426098
2.07508060767411
2.07715672616802
2.07923492181883
2.08131519670474
2.08339755290601
2.08548199250502
2.08756851758618
2.08965713023604
2.09174783254321
2.09384062659838
2.09593551449435
2.09803249832601
2.10013158019035
2.10223276218644
2.10433604641547
2.10644143498072
2.10854892998757
2.11065853354354
2.11277024775821
2.11488407474331
2.11700001661266
2.11911807548221
2.12123825347
2.12336055269622
2.12548497528318
2.12761152335529
2.12974019903909
2.13187100446328
2.13400394175864
2.13613901305813
2.13827622049681
2.14041556621188
2.1425570523427
2.14470068103075
2.14684645441966
2.14899437465521
2.15114444388531
2.15329666426003
2.15545103793159
2.15760756705437
2.1597662537849
2.16192710028186
2.16409010870611
2.16625528122064
2.16842261999063
2.17059212718343
2.17276380496853
2.17493765551762
2.17711368100455
2.17929188360533
2.18147226549819
2.18365482886349
2.1858395758838
2.18802650874387
2.19021562963063
2.1924069407332
2.1946004442429
2.19679614235322
2.19899403725987
2.20119413116074
2.20339642625592
2.20560092474772
2.20780762884062
2.21001654074133
2.21222766265877
2.21444099680406
2.21665654539053
2.21887431063373
2.22109429475142
2.22331649996359
2.22554092849245
2.22776758256243
2.22999646440017
2.23222757623456
2.23446092029671
2.23669649881997
2.23893431403992
2.24117436819436
2.24341666352337
2.24566120226922
2.24790798667646
2.25015701899187
2.25240830146449
2.2546618363456
2.25691762588874
2.25917567234969
2.2614359779865
2.26369854505947
2.26596337583118
2.26823047256646
2.27049983753239
2.27277147299835
2.27504538123598
2.27732156451917
2.27960002512412
2.28188076532929
2.28416378741541
2.28644909366551
2.28873668636489
2.29102656780115
2.29331874026417
2.29561320604612
2.29790996744146
2.30020902674697
2.3025103862617
2.304814048287
2.30712001512654
2.30942828908629
2.31173887247452
2.31405176760182
2.31636697678108
2.3186845023275
2.32100434655863
2.32332651179429
2.32565100035666
2.32797781457022
2.33030695676179
2.33263842926051
2.33497223439786
2.33730837450763
2.33964685192598
2.34198766899137
2.34433082804462
2.3466763314289
2.34902418148971
2.35137438057489
2.35372693103465
2.35608183522153
2.35843909549045
2.36079871419866
2.36316069370578
2.36552503637379
2.36789174456704
2.37026082065222
2.37263226699843
2.3750060859771
2.37738227996205
2.37976085132948
2.38214180245796
2.38452513572844
2.38691085352426
2.38929895823113
2.39168945223716
2.39408233793283
2.39647761771105
2.39887529396708
2.40127536909861
2.4036778455057
2.40608272559085
2.40849001175891
2.41089970641719
2.41331181197538
2.41572633084558
2.41814326544231
2.42056261818251
2.42298439148553
2.42540858777315
2.42783520946955
2.43026425900136
2.43269573879764
2.43512965128986
2.43756599891193
2.4400047841002
2.44244600929347
2.44488967693294
2.44733578946229
2.44978434932764
2.45223535897754
2.45468882086301
2.4571447374375
2.45960311115693
2.46206394447968
2.46452723986658
2.46699299978092
2.46946122668847
2.47193192305745
2.47440509135856
2.47688073406497
2.47935885365232
2.48183945259873
2.4843225333848
2.48680809849361
2.48929615041072
2.49178669162419
2.49427972462457
2.49677525190487
2.49927327596063
2.50177379928988
2.50427682439314
2.50678235377343
2.50929038993628
2.51180093538973
2.51431399264433
2.51682956421312
2.5193476526117
2.52186826035813
2.52439138997303
2.52691704397954
2.5294452249033
2.53197593527249
2.53450917761784
2.53704495447257
2.53958326837246
2.54212412185584
2.54466751746355
2.54721345773899
2.5497619452281
2.55231298247937
2.55486657204383
2.55742271647508
2.55998141832925
2.56254268016506
2.56510650454376
2.56767289402918
2.57024185118771
2.57281337858831
2.57538747880249
2.57796415440437
2.58054340797062
2.5831252420805
2.58570965931583
2.58829666226103
2.59088625350311
2.59347843563167
2.59607321123887
2.5986705829195
2.60127055327093
2.60387312489313
2.60647830038868
2.60908608236274
2.6116964734231
2.61430947618015
2.61692509324689
2.61954332723895
2.62216418077455
2.62478765647456
2.62741375696243
2.63004248486428
2.63267384280884
2.63530783342746
2.63794445935413
2.64058372322548
2.64322562768078
2.64587017536192
2.64851736891346
2.65116721098259
2.65381970421915
2.65647485127563
2.65913265480719
2.66179311747162
2.6644562419294
2.66712203084363
2.66979048688012
2.67246161270733
2.67513541099636
2.67781188442103
2.68049103565781
2.68317286738584
2.68585738228697
2.6885445830457
2.69123447234924
2.69392705288748
2.69662232735299
2.69932029844106
2.70202096884965
2.70472434127943
2.70743041843378
2.71013920301878
2.7128506977432
2.71556490531855
2.71828182845902
